date	city_id	city_name	is_weekend	is_holiday	holiday_type	month	day_of_week	temp_mean	wind_speed	snow_flag	dewpoint_temperature
2021-01-01	3001	Synthetic-3-1	0	0	none	1	4	15.0	2.061	0	8.0
2021-01-01	3002	Synthetic-3-2	0	0	none	1	4	16.0	2.149	0	8.5
2021-01-01	3003	Synthetic-3-3	0	0	none	1	4	17.0	2.316	0	9.0
2021-01-01	3004	Synthetic-3-4	0	0	none	1	4	18.0	2.623	0	9.5
2021-01-02	3001	Synthetic-3-1	1	0	none	1	5	15.172	2.034	0	8.12
2021-01-02	3002	Synthetic-3-2	1	0	none	1	5	16.172	2.311	0	8.62
2021-01-02	3003	Synthetic-3-3	1	0	none	1	5	17.172	2.5	0	9.12
2021-01-02	3004	Synthetic-3-4	1	0	none	1	5	18.172	2.538	0	9.62
2021-01-03	3001	Synthetic-3-1	1	0	none	1	6	15.344	1.849	0	8.241
2021-01-03	3002	Synthetic-3-2	1	0	none	1	6	16.344	2.167	0	8.741
2021-01-03	3003	Synthetic-3-3	1	0	none	1	6	17.344	2.354	0	9.241
2021-01-03	3004	Synthetic-3-4	1	0	none	1	6	18.344	2.493	0	9.741
2021-01-04	3001	Synthetic-3-1	0	0	none	1	0	15.516	1.978	0	8.361
2021-01-04	3002	Synthetic-3-2	0	0	none	1	0	16.516	2.336	0	8.861
2021-01-04	3003	Synthetic-3-3	0	0	none	1	0	17.516	2.218	0	9.361
2021-01-04	3004	Synthetic-3-4	0	0	none	1	0	18.516	2.675	0	9.861
2021-01-05	3001	Synthetic-3-1	0	0	none	1	1	15.688	1.834	0	8.481
2021-01-05	3002	Synthetic-3-2	0	0	none	1	1	16.688	2.019	0	8.981
2021-01-05	3003	Synthetic-3-3	0	0	none	1	1	17.688	2.38	0	9.481
2021-01-05	3004	Synthetic-3-4	0	0	none	1	1	18.688	2.53	0	9.981
2021-01-06	3001	Synthetic-3-1	0	0	none	1	2	15.859	1.98	0	8.601
2021-01-06	3002	Synthetic-3-2	0	0	none	1	2	16.859	2.03	0	9.101
2021-01-06	3003	Synthetic-3-3	0	0	none	1	2	17.859	2.274	0	9.601
2021-01-06	3004	Synthetic-3-4	0	0	none	1	2	18.859	2.707	0	10.101
2021-01-07	3001	Synthetic-3-1	0	0	none	1	3	16.03	2.115	0	8.721
2021-01-07	3002	Synthetic-3-2	0	0	none	1	3	17.03	2.099	0	9.221
2021-01-07	3003	Synthetic-3-3	0	0	none	1	3	18.03	2.547	0	9.721
2021-01-07	3004	Synthetic-3-4	0	0	none	1	3	19.03	2.696	0	10.221
2021-01-08	3001	Synthetic-3-1	0	0	none	1	4	16.201	1.822	0	8.841
2021-01-08	3002	Synthetic-3-2	0	0	none	1	4	17.201	2.299	0	9.341
2021-01-08	3003	Synthetic-3-3	0	0	none	1	4	18.201	2.49	0	9.841
2021-01-08	3004	Synthetic-3-4	0	0	none	1	4	19.201	2.73	0	10.341
2021-01-09	3001	Synthetic-3-1	1	0	none	1	5	16.372	2.061	0	8.96
2021-01-09	3002	Synthetic-3-2	1	0	none	1	5	17.372	2.217	0	9.46
2021-01-09	3003	Synthetic-3-3	1	0	none	1	5	18.372	2.258	0	9.96
2021-01-09	3004	Synthetic-3-4	1	0	none	1	5	19.372	2.622	0	10.46
2021-01-10	3001	Synthetic-3-1	1	0	none	1	6	16.542	2.198	0	9.079
2021-01-10	3002	Synthetic-3-2	1	0	none	1	6	17.542	2.136	0	9.579
2021-01-10	3003	Synthetic-3-3	1	0	none	1	6	18.542	2.542	0	10.079
2021-01-10	3004	Synthetic-3-4	1	0	none	1	6	19.542	2.432	0	10.579
2021-01-11	3001	Synthetic-3-1	0	0	none	1	0	16.712	1.857	0	9.198
2021-01-11	3002	Synthetic-3-2	0	0	none	1	0	17.712	2.382	0	9.698
2021-01-11	3003	Synthetic-3-3	0	0	none	1	0	18.712	2.223	0	10.198
2021-01-11	3004	Synthetic-3-4	0	0	none	1	0	19.712	2.512	0	10.698
2021-01-12	3001	Synthetic-3-1	0	0	none	1	1	16.881	2.193	0	9.317
2021-01-12	3002	Synthetic-3-2	0	0	none	1	1	17.881	2.385	0	9.817
2021-01-12	3003	Synthetic-3-3	0	0	none	1	1	18.881	2.505	0	10.317
2021-01-12	3004	Synthetic-3-4	0	0	none	1	1	19.881	2.636	0	10.817
2021-01-13	3001	Synthetic-3-1	0	0	none	1	2	17.05	1.818	0	9.435
2021-01-13	3002	Synthetic-3-2	0	0	none	1	2	18.05	2.002	0	9.935
2021-01-13	3003	Synthetic-3-3	0	0	none	1	2	19.05	2.335	0	10.435
2021-01-13	3004	Synthetic-3-4	0	0	none	1	2	20.05	2.527	0	10.935
2021-01-14	3001	Synthetic-3-1	0	0	none	1	3	17.218	1.835	0	9.552
2021-01-14	3002	Synthetic-3-2	0	0	none	1	3	18.218	2.233	0	10.052
2021-01-14	3003	Synthetic-3-3	0	0	none	1	3	19.218	2.537	0	10.552
2021-01-14	3004	Synthetic-3-4	0	0	none	1	3	20.218	2.672	0	11.052
2021-01-15	3001	Synthetic-3-1	0	0	none	1	4	17.385	1.969	0	9.67
2021-01-15	3002	Synthetic-3-2	0	0	none	1	4	18.385	2.108	0	10.17
2021-01-15	3003	Synthetic-3-3	0	0	none	1	4	19.385	2.554	0	10.67
2021-01-15	3004	Synthetic-3-4	0	0	none	1	4	20.385	2.771	0	11.17
2021-01-16	3001	Synthetic-3-1	1	0	none	1	5	17.552	1.942	0	9.786
2021-01-16	3002	Synthetic-3-2	1	0	none	1	5	18.552	2.065	0	10.286
2021-01-16	3003	Synthetic-3-3	1	0	none	1	5	19.552	2.505	0	10.786
2021-01-16	3004	Synthetic-3-4	1	0	none	1	5	20.552	2.608	0	11.286
2021-01-17	3001	Synthetic-3-1	1	0	none	1	6	17.718	1.857	0	9.902
2021-01-17	3002	Synthetic-3-2	1	0	none	1	6	18.718	2.37	0	10.402
2021-01-17	3003	Synthetic-3-3	1	0	none	1	6	19.718	2.576	0	10.902
2021-01-17	3004	Synthetic-3-4	1	0	none	1	6	20.718	2.532	0	11.402
2021-01-18	3001	Synthetic-3-1	0	0	none	1	0	17.883	1.914	0	10.018
2021-01-18	3002	Synthetic-3-2	0	0	none	1	0	18.883	2.358	0	10.518
2021-01-18	3003	Synthetic-3-3	0	0	none	1	0	19.883	2.414	0	11.018
2021-01-18	3004	Synthetic-3-4	0	0	none	1	0	20.883	2.411	0	11.518
2021-01-19	3001	Synthetic-3-1	0	0	none	1	1	18.047	2.114	0	10.133
2021-01-19	3002	Synthetic-3-2	0	0	none	1	1	19.047	2.134	0	10.633
2021-01-19	3003	Synthetic-3-3	0	0	none	1	1	20.047	2.507	0	11.133
2021-01-19	3004	Synthetic-3-4	0	0	none	1	1	21.047	2.559	0	11.633
2021-01-20	3001	Synthetic-3-1	0	0	none	1	2	18.211	2.059	0	10.247
2021-01-20	3002	Synthetic-3-2	0	0	none	1	2	19.211	2.206	0	10.747
2021-01-20	3003	Synthetic-3-3	0	0	none	1	2	20.211	2.205	0	11.247
2021-01-20	3004	Synthetic-3-4	0	0	none	1	2	21.211	2.462	0	11.747
2021-01-21	3001	Synthetic-3-1	0	0	none	1	3	18.373	2.114	0	10.361
2021-01-21	3002	Synthetic-3-2	0	0	none	1	3	19.373	2.171	0	10.861
2021-01-21	3003	Synthetic-3-3	0	0	none	1	3	20.373	2.548	0	11.361
2021-01-21	3004	Synthetic-3-4	0	0	none	1	3	21.373	2.495	0	11.861
2021-01-22	3001	Synthetic-3-1	0	0	none	1	4	18.534	2.188	0	10.474
2021-01-22	3002	Synthetic-3-2	0	0	none	1	4	19.534	2.053	0	10.974
2021-01-22	3003	Synthetic-3-3	0	0	none	1	4	20.534	2.268	0	11.474
2021-01-22	3004	Synthetic-3-4	0	0	none	1	4	21.534	2.475	0	11.974
2021-01-23	3001	Synthetic-3-1	1	0	none	1	5	18.695	2.194	0	10.586
2021-01-23	3002	Synthetic-3-2	1	0	none	1	5	19.695	2.084	0	11.086
2021-01-23	3003	Synthetic-3-3	1	0	none	1	5	20.695	2.374	0	11.586
2021-01-23	3004	Synthetic-3-4	1	0	none	1	5	21.695	2.679	0	12.086
2021-01-24	3001	Synthetic-3-1	1	0	none	1	6	18.854	2.109	0	10.698
2021-01-24	3002	Synthetic-3-2	1	0	none	1	6	19.854	2.076	0	11.198
2021-01-24	3003	Synthetic-3-3	1	0	none	1	6	20.854	2.473	0	11.698
2021-01-24	3004	Synthetic-3-4	1	0	none	1	6	21.854	2.79	0	12.198
2021-01-25	3001	Synthetic-3-1	0	0	none	1	0	19.012	1.81	0	10.809
2021-01-25	3002	Synthetic-3-2	0	0	none	1	0	20.012	2.133	0	11.309
2021-01-25	3003	Synthetic-3-3	0	0	none	1	0	21.012	2.377	0	11.809
2021-01-25	3004	Synthetic-3-4	0	0	none	1	0	22.012	2.794	0	12.309
2021-01-26	3001	Synthetic-3-1	0	0	none	1	1	19.169	1.932	0	10.918
2021-01-26	3002	Synthetic-3-2	0	0	none	1	1	20.169	2.294	0	11.418
2021-01-26	3003	Synthetic-3-3	0	0	none	1	1	21.169	2.261	0	11.918
2021-01-26	3004	Synthetic-3-4	0	0	none	1	1	22.169	2.429	0	12.418
2021-01-27	3001	Synthetic-3-1	0	0	none	1	2	19.325	1.845	0	11.027
2021-01-27	3002	Synthetic-3-2	0	0	none	1	2	20.325	2.359	0	11.527
2021-01-27	3003	Synthetic-3-3	0	0	none	1	2	21.325	2.343	0	12.027
2021-01-27	3004	Synthetic-3-4	0	0	none	1	2	22.325	2.674	0	12.527
2021-01-28	3001	Synthetic-3-1	0	0	none	1	3	19.479	1.967	0	11.136
2021-01-28	3002	Synthetic-3-2	0	0	none	1	3	20.479	2.304	0	11.636
2021-01-28	3003	Synthetic-3-3	0	0	none	1	3	21.479	2.39	0	12.136
2021-01-28	3004	Synthetic-3-4	0	0	none	1	3	22.479	2.685	0	12.636
2021-01-29	3001	Synthetic-3-1	0	0	none	1	4	19.633	2.079	0	11.243
2021-01-29	3002	Synthetic-3-2	0	0	none	1	4	20.633	2.216	0	11.743
2021-01-29	3003	Synthetic-3-3	0	0	none	1	4	21.633	2.281	0	12.243
2021-01-29	3004	Synthetic-3-4	0	0	none	1	4	22.633	2.767	0	12.743
2021-01-30	3001	Synthetic-3-1	1	0	none	1	5	19.784	1.876	0	11.349
2021-01-30	3002	Synthetic-3-2	1	0	none	1	5	20.784	2.197	0	11.849
2021-01-30	3003	Synthetic-3-3	1	0	none	1	5	21.784	2.476	0	12.349
2021-01-30	3004	Synthetic-3-4	1	0	none	1	5	22.784	2.688	0	12.849
2021-01-31	3001	Synthetic-3-1	1	0	none	1	6	19.935	2.06	0	11.454
2021-01-31	3002	Synthetic-3-2	1	0	none	1	6	20.935	2.347	0	11.954
2021-01-31	3003	Synthetic-3-3	1	0	none	1	6	21.935	2.302	0	12.454
2021-01-31	3004	Synthetic-3-4	1	0	none	1	6	22.935	2.494	0	12.954
2021-02-01	3001	Synthetic-3-1	0	0	none	2	0	20.084	1.859	0	11.558
2021-02-01	3002	Synthetic-3-2	0	0	none	2	0	21.084	2.372	0	12.058
2021-02-01	3003	Synthetic-3-3	0	0	none	2	0	22.084	2.573	0	12.558
2021-02-01	3004	Synthetic-3-4	0	0	none	2	0	23.084	2.724	0	13.058
2021-02-02	3001	Synthetic-3-1	0	0	none	2	1	20.231	2.181	0	11.662
2021-02-02	3002	Synthetic-3-2	0	0	none	2	1	21.231	2.346	0	12.162
2021-02-02	3003	Synthetic-3-3	0	0	none	2	1	22.231	2.295	0	12.662
2021-02-02	3004	Synthetic-3-4	0	0	none	2	1	23.231	2.439	0	13.162
2021-02-03	3001	Synthetic-3-1	0	0	none	2	2	20.377	1.854	0	11.764
2021-02-03	3002	Synthetic-3-2	0	0	none	2	2	21.377	2.347	0	12.264
2021-02-03	3003	Synthetic-3-3	0	0	none	2	2	22.377	2.203	0	12.764
2021-02-03	3004	Synthetic-3-4	0	0	none	2	2	23.377	2.684	0	13.264
2021-02-04	3001	Synthetic-3-1	0	0	none	2	3	20.521	2.185	0	11.865
2021-02-04	3002	Synthetic-3-2	0	0	none	2	3	21.521	2.077	0	12.365
2021-02-04	3003	Synthetic-3-3	0	0	none	2	3	22.521	2.541	0	12.865
2021-02-04	3004	Synthetic-3-4	0	0	none	2	3	23.521	2.411	0	13.365
2021-02-05	3001	Synthetic-3-1	0	0	none	2	4	20.664	1.875	0	11.965
2021-02-05	3002	Synthetic-3-2	0	0	none	2	4	21.664	2.352	0	12.465
2021-02-05	3003	Synthetic-3-3	0	0	none	2	4	22.664	2.398	0	12.965
2021-02-05	3004	Synthetic-3-4	0	0	none	2	4	23.664	2.757	0	13.465
2021-02-06	3001	Synthetic-3-1	1	0	none	2	5	20.805	2.156	0	12.063
2021-02-06	3002	Synthetic-3-2	1	0	none	2	5	21.805	2.039	0	12.563
2021-02-06	3003	Synthetic-3-3	1	0	none	2	5	22.805	2.35	0	13.063
2021-02-06	3004	Synthetic-3-4	1	0	none	2	5	23.805	2.422	0	13.563
2021-02-07	3001	Synthetic-3-1	1	0	none	2	6	20.944	1.819	0	12.161
2021-02-07	3002	Synthetic-3-2	1	0	none	2	6	21.944	2.189	0	12.661
2021-02-07	3003	Synthetic-3-3	1	0	none	2	6	22.944	2.298	0	13.161
2021-02-07	3004	Synthetic-3-4	1	0	none	2	6	23.944	2.57	0	13.661
2021-02-08	3001	Synthetic-3-1	0	0	none	2	0	21.081	2.189	0	12.257
2021-02-08	3002	Synthetic-3-2	0	0	none	2	0	22.081	2.123	0	12.757
2021-02-08	3003	Synthetic-3-3	0	0	none	2	0	23.081	2.325	0	13.257
2021-02-08	3004	Synthetic-3-4	0	0	none	2	0	24.081	2.589	0	13.757
2021-02-09	3001	Synthetic-3-1	0	0	none	2	1	21.217	2.198	0	12.352
2021-02-09	3002	Synthetic-3-2	0	0	none	2	1	22.217	2.164	0	12.852
2021-02-09	3003	Synthetic-3-3	0	0	none	2	1	23.217	2.343	0	13.352
2021-02-09	3004	Synthetic-3-4	0	0	none	2	1	24.217	2.667	0	13.852
2021-02-10	3001	Synthetic-3-1	0	0	none	2	2	21.351	1.942	0	12.445
2021-02-10	3002	Synthetic-3-2	0	0	none	2	2	22.351	2.381	0	12.945
2021-02-10	3003	Synthetic-3-3	0	0	none	2	2	23.351	2.511	0	13.445
2021-02-10	3004	Synthetic-3-4	0	0	none	2	2	24.351	2.528	0	13.945
2021-02-11	3001	Synthetic-3-1	0	0	none	2	3	21.483	1.914	0	12.538
2021-02-11	3002	Synthetic-3-2	0	0	none	2	3	22.483	2.031	0	13.038
2021-02-11	3003	Synthetic-3-3	0	0	none	2	3	23.483	2.399	0	13.538
2021-02-11	3004	Synthetic-3-4	0	0	none	2	3	24.483	2.47	0	14.038
2021-02-12	3001	Synthetic-3-1	0	0	none	2	4	21.613	2.089	0	12.629
2021-02-12	3002	Synthetic-3-2	0	0	none	2	4	22.613	2.031	0	13.129
2021-02-12	3003	Synthetic-3-3	0	0	none	2	4	23.613	2.24	0	13.629
2021-02-12	3004	Synthetic-3-4	0	0	none	2	4	24.613	2.631	0	14.129
2021-02-13	3001	Synthetic-3-1	1	0	none	2	5	21.741	1.84	0	12.718
2021-02-13	3002	Synthetic-3-2	1	0	none	2	5	22.741	2.371	0	13.218
2021-02-13	3003	Synthetic-3-3	1	0	none	2	5	23.741	2.584	0	13.718
2021-02-13	3004	Synthetic-3-4	1	0	none	2	5	24.741	2.47	0	14.218
2021-02-14	3001	Synthetic-3-1	1	0	none	2	6	21.867	2.17	0	12.807
2021-02-14	3002	Synthetic-3-2	1	0	none	2	6	22.867	2.115	0	13.307
2021-02-14	3003	Synthetic-3-3	1	0	none	2	6	23.867	2.375	0	13.807
2021-02-14	3004	Synthetic-3-4	1	0	none	2	6	24.867	2.589	0	14.307
2021-02-15	3001	Synthetic-3-1	0	0	none	2	0	21.991	1.818	0	12.894
2021-02-15	3002	Synthetic-3-2	0	0	none	2	0	22.991	2.064	0	13.394
2021-02-15	3003	Synthetic-3-3	0	0	none	2	0	23.991	2.409	0	13.894
2021-02-15	3004	Synthetic-3-4	0	0	none	2	0	24.991	2.643	0	14.394
2021-02-16	3001	Synthetic-3-1	0	0	none	2	1	22.113	2.15	0	12.979
2021-02-16	3002	Synthetic-3-2	0	0	none	2	1	23.113	2.389	0	13.479
2021-02-16	3003	Synthetic-3-3	0	0	none	2	1	24.113	2.575	0	13.979
2021-02-16	3004	Synthetic-3-4	0	0	none	2	1	25.113	2.63	0	14.479
2021-02-17	3001	Synthetic-3-1	0	0	none	2	2	22.233	2.113	0	13.063
2021-02-17	3002	Synthetic-3-2	0	0	none	2	2	23.233	2.165	0	13.563
2021-02-17	3003	Synthetic-3-3	0	0	none	2	2	24.233	2.458	0	14.063
2021-02-17	3004	Synthetic-3-4	0	0	none	2	2	25.233	2.475	0	14.563
2021-02-18	3001	Synthetic-3-1	0	0	none	2	3	22.35	1.805	0	13.145
2021-02-18	3002	Synthetic-3-2	0	0	none	2	3	23.35	2.041	0	13.645
2021-02-18	3003	Synthetic-3-3	0	0	none	2	3	24.35	2.288	0	14.145
2021-02-18	3004	Synthetic-3-4	0	0	none	2	3	25.35	2.716	0	14.645
2021-02-19	3001	Synthetic-3-1	0	0	none	2	4	22.466	2.191	0	13.226
2021-02-19	3002	Synthetic-3-2	0	0	none	2	4	23.466	2.115	0	13.726
2021-02-19	3003	Synthetic-3-3	0	0	none	2	4	24.466	2.383	0	14.226
2021-02-19	3004	Synthetic-3-4	0	0	none	2	4	25.466	2.605	0	14.726
2021-02-20	3001	Synthetic-3-1	1	0	none	2	5	22.579	1.866	0	13.305
2021-02-20	3002	Synthetic-3-2	1	0	none	2	5	23.579	2.242	0	13.805
2021-02-20	3003	Synthetic-3-3	1	0	none	2	5	24.579	2.558	0	14.305
2021-02-20	3004	Synthetic-3-4	1	0	none	2	5	25.579	2.418	0	14.805
2021-02-21	3001	Synthetic-3-1	1	0	none	2	6	22.69	1.917	0	13.383
2021-02-21	3002	Synthetic-3-2	1	0	none	2	6	23.69	2.041	0	13.883
2021-02-21	3003	Synthetic-3-3	1	0	none	2	6	24.69	2.302	0	14.383
2021-02-21	3004	Synthetic-3-4	1	0	none	2	6	25.69	2.415	0	14.883
2021-02-22	3001	Synthetic-3-1	0	0	none	2	0	22.799	1.99	0	13.459
2021-02-22	3002	Synthetic-3-2	0	0	none	2	0	23.799	2.091	0	13.959
2021-02-22	3003	Synthetic-3-3	0	0	none	2	0	24.799	2.56	0	14.459
2021-02-22	3004	Synthetic-3-4	0	0	none	2	0	25.799	2.633	0	14.959
2021-02-23	3001	Synthetic-3-1	0	0	none	2	1	22.906	2.164	0	13.534
2021-02-23	3002	Synthetic-3-2	0	0	none	2	1	23.906	2.34	0	14.034
2021-02-23	3003	Synthetic-3-3	0	0	none	2	1	24.906	2.478	0	14.534
2021-02-23	3004	Synthetic-3-4	0	0	none	2	1	25.906	2.726	0	15.034
2021-02-24	3001	Synthetic-3-1	0	0	none	2	2	23.01	2.077	0	13.607
2021-02-24	3002	Synthetic-3-2	0	0	none	2	2	24.01	2.264	0	14.107
2021-02-24	3003	Synthetic-3-3	0	0	none	2	2	25.01	2.453	0	14.607
2021-02-24	3004	Synthetic-3-4	0	0	none	2	2	26.01	2.512	0	15.107
2021-02-25	3001	Synthetic-3-1	0	0	none	2	3	23.112	2.114	0	13.678
2021-02-25	3002	Synthetic-3-2	0	0	none	2	3	24.112	2.313	0	14.178
2021-02-25	3003	Synthetic-3-3	0	0	none	2	3	25.112	2.418	0	14.678
2021-02-25	3004	Synthetic-3-4	0	0	none	2	3	26.112	2.558	0	15.178
2021-02-26	3001	Synthetic-3-1	0	0	none	2	4	23.211	1.953	0	13.748
2021-02-26	3002	Synthetic-3-2	0	0	none	2	4	24.211	2.324	0	14.248
2021-02-26	3003	Synthetic-3-3	0	0	none	2	4	25.211	2.382	0	14.748
2021-02-26	3004	Synthetic-3-4	0	0	none	2	4	26.211	2.442	0	15.248
2021-02-27	3001	Synthetic-3-1	1	0	none	2	5	23.308	1.829	0	13.816
2021-02-27	3002	Synthetic-3-2	1	0	none	2	5	24.308	2.262	0	14.316
2021-02-27	3003	Synthetic-3-3	1	0	none	2	5	25.308	2.349	0	14.816
2021-02-27	3004	Synthetic-3-4	1	0	none	2	5	26.308	2.659	0	15.316
2021-02-28	3001	Synthetic-3-1	1	0	none	2	6	23.402	2.077	0	13.882
2021-02-28	3002	Synthetic-3-2	1	0	none	2	6	24.402	2.311	0	14.382
2021-02-28	3003	Synthetic-3-3	1	0	none	2	6	25.402	2.463	0	14.882
2021-02-28	3004	Synthetic-3-4	1	0	none	2	6	26.402	2.601	0	15.382
2021-03-01	3001	Synthetic-3-1	0	0	none	3	0	23.495	2.133	0	13.946
2021-03-01	3002	Synthetic-3-2	0	0	none	3	0	24.495	2.25	0	14.446
2021-03-01	3003	Synthetic-3-3	0	0	none	3	0	25.495	2.471	0	14.946
2021-03-01	3004	Synthetic-3-4	0	0	none	3	0	26.495	2.469	0	15.446
2021-03-02	3001	Synthetic-3-1	0	0	none	3	1	23.584	2.055	0	14.009
2021-03-02	3002	Synthetic-3-2	0	0	none	3	1	24.584	2.083	0	14.509
2021-03-02	3003	Synthetic-3-3	0	0	none	3	1	25.584	2.403	0	15.009
2021-03-02	3004	Synthetic-3-4	0	0	none	3	1	26.584	2.567	0	15.509
2021-03-03	3001	Synthetic-3-1	0	0	none	3	2	23.671	1.997	0	14.07
2021-03-03	3002	Synthetic-3-2	0	0	none	3	2	24.671	2.033	0	14.57
2021-03-03	3003	Synthetic-3-3	0	0	none	3	2	25.671	2.438	0	15.07
2021-03-03	3004	Synthetic-3-4	0	0	none	3	2	26.671	2.495	0	15.57
2021-03-04	3001	Synthetic-3-1	0	0	none	3	3	23.755	2.166	0	14.129
2021-03-04	3002	Synthetic-3-2	0	0	none	3	3	24.755	2.387	0	14.629
2021-03-04	3003	Synthetic-3-3	0	0	none	3	3	25.755	2.351	0	15.129
2021-03-04	3004	Synthetic-3-4	0	0	none	3	3	26.755	2.589	0	15.629
2021-03-05	3001	Synthetic-3-1	0	0	none	3	4	23.837	2.167	0	14.186
2021-03-05	3002	Synthetic-3-2	0	0	none	3	4	24.837	2.193	0	14.686
2021-03-05	3003	Synthetic-3-3	0	0	none	3	4	25.837	2.468	0	15.186
2021-03-05	3004	Synthetic-3-4	0	0	none	3	4	26.837	2.792	0	15.686
2021-03-06	3001	Synthetic-3-1	1	0	none	3	5	23.916	2.043	0	14.241
2021-03-06	3002	Synthetic-3-2	1	0	none	3	5	24.916	2.265	0	14.741
2021-03-06	3003	Synthetic-3-3	1	0	none	3	5	25.916	2.235	0	15.241
2021-03-06	3004	Synthetic-3-4	1	0	none	3	5	26.916	2.687	0	15.741
2021-03-07	3001	Synthetic-3-1	1	0	none	3	6	23.993	1.955	0	14.295
2021-03-07	3002	Synthetic-3-2	1	0	none	3	6	24.993	2.396	0	14.795
2021-03-07	3003	Synthetic-3-3	1	0	none	3	6	25.993	2.286	0	15.295
2021-03-07	3004	Synthetic-3-4	1	0	none	3	6	26.993	2.703	0	15.795
2021-03-08	3001	Synthetic-3-1	0	0	none	3	0	24.067	1.986	0	14.347
2021-03-08	3002	Synthetic-3-2	0	0	none	3	0	25.067	2.269	0	14.847
2021-03-08	3003	Synthetic-3-3	0	0	none	3	0	26.067	2.219	0	15.347
2021-03-08	3004	Synthetic-3-4	0	0	none	3	0	27.067	2.542	0	15.847
2021-03-09	3001	Synthetic-3-1	0	0	none	3	1	24.138	2.103	0	14.397
2021-03-09	3002	Synthetic-3-2	0	0	none	3	1	25.138	2.388	0	14.897
2021-03-09	3003	Synthetic-3-3	0	0	none	3	1	26.138	2.591	0	15.397
2021-03-09	3004	Synthetic-3-4	0	0	none	3	1	27.138	2.732	0	15.897
2021-03-10	3001	Synthetic-3-1	0	0	none	3	2	24.207	1.954	0	14.445
2021-03-10	3002	Synthetic-3-2	0	0	none	3	2	25.207	2.37	0	14.945
2021-03-10	3003	Synthetic-3-3	0	0	none	3	2	26.207	2.239	0	15.445
2021-03-10	3004	Synthetic-3-4	0	0	none	3	2	27.207	2.796	0	15.945
2021-03-11	3001	Synthetic-3-1	0	0	none	3	3	24.272	2.184	0	14.491
2021-03-11	3002	Synthetic-3-2	0	0	none	3	3	25.272	2.227	0	14.991
2021-03-11	3003	Synthetic-3-3	0	0	none	3	3	26.272	2.263	0	15.491
2021-03-11	3004	Synthetic-3-4	0	0	none	3	3	27.272	2.728	0	15.991
2021-03-12	3001	Synthetic-3-1	0	0	none	3	4	24.335	2.029	0	14.535
2021-03-12	3002	Synthetic-3-2	0	0	none	3	4	25.335	2.251	0	15.035
2021-03-12	3003	Synthetic-3-3	0	0	none	3	4	26.335	2.4	0	15.535
2021-03-12	3004	Synthetic-3-4	0	0	none	3	4	27.335	2.536	0	16.035
2021-03-13	3001	Synthetic-3-1	1	0	none	3	5	24.396	2.043	0	14.577
2021-03-13	3002	Synthetic-3-2	1	0	none	3	5	25.396	2.224	0	15.077
2021-03-13	3003	Synthetic-3-3	1	0	none	3	5	26.396	2.541	0	15.577
2021-03-13	3004	Synthetic-3-4	1	0	none	3	5	27.396	2.545	0	16.077
2021-03-14	3001	Synthetic-3-1	1	0	none	3	6	24.453	2.008	0	14.617
2021-03-14	3002	Synthetic-3-2	1	0	none	3	6	25.453	2.121	0	15.117
2021-03-14	3003	Synthetic-3-3	1	0	none	3	6	26.453	2.316	0	15.617
2021-03-14	3004	Synthetic-3-4	1	0	none	3	6	27.453	2.618	0	16.117
2021-03-15	3001	Synthetic-3-1	0	0	none	3	0	24.508	2.161	0	14.656
2021-03-15	3002	Synthetic-3-2	0	0	none	3	0	25.508	2.041	0	15.156
2021-03-15	3003	Synthetic-3-3	0	0	none	3	0	26.508	2.237	0	15.656
2021-03-15	3004	Synthetic-3-4	0	0	none	3	0	27.508	2.545	0	16.156
2021-03-16	3001	Synthetic-3-1	0	0	none	3	1	24.56	1.95	0	14.692
2021-03-16	3002	Synthetic-3-2	0	0	none	3	1	25.56	2.321	0	15.192
2021-03-16	3003	Synthetic-3-3	0	0	none	3	1	26.56	2.499	0	15.692
2021-03-16	3004	Synthetic-3-4	0	0	none	3	1	27.56	2.575	0	16.192
2021-03-17	3001	Synthetic-3-1	0	0	none	3	2	24.609	1.803	0	14.726
2021-03-17	3002	Synthetic-3-2	0	0	none	3	2	25.609	2.067	0	15.226
2021-03-17	3003	Synthetic-3-3	0	0	none	3	2	26.609	2.569	0	15.726
2021-03-17	3004	Synthetic-3-4	0	0	none	3	2	27.609	2.456	0	16.226
2021-03-18	3001	Synthetic-3-1	0	0	none	3	3	24.655	2.187	0	14.759
2021-03-18	3002	Synthetic-3-2	0	0	none	3	3	25.655	2.086	0	15.259
2021-03-18	3003	Synthetic-3-3	0	0	none	3	3	26.655	2.538	0	15.759
2021-03-18	3004	Synthetic-3-4	0	0	none	3	3	27.655	2.443	0	16.259
2021-03-19	3001	Synthetic-3-1	0	0	none	3	4	24.698	1.902	0	14.789
2021-03-19	3002	Synthetic-3-2	0	0	none	3	4	25.698	2.174	0	15.289
2021-03-19	3003	Synthetic-3-3	0	0	none	3	4	26.698	2.581	0	15.789
2021-03-19	3004	Synthetic-3-4	0	0	none	3	4	27.698	2.73	0	16.289
2021-03-20	3001	Synthetic-3-1	1	0	none	3	5	24.739	2.186	0	14.817
2021-03-20	3002	Synthetic-3-2	1	0	none	3	5	25.739	2.307	0	15.317
2021-03-20	3003	Synthetic-3-3	1	0	none	3	5	26.739	2.31	0	15.817
2021-03-20	3004	Synthetic-3-4	1	0	none	3	5	27.739	2.53	0	16.317
2021-03-21	3001	Synthetic-3-1	1	0	none	3	6	24.777	1.998	0	14.844
2021-03-21	3002	Synthetic-3-2	1	0	none	3	6	25.777	2.081	0	15.344
2021-03-21	3003	Synthetic-3-3	1	0	none	3	6	26.777	2.263	0	15.844
2021-03-21	3004	Synthetic-3-4	1	0	none	3	6	27.777	2.8	0	16.344
2021-03-22	3001	Synthetic-3-1	0	0	none	3	0	24.811	1.997	0	14.868
2021-03-22	3002	Synthetic-3-2	0	0	none	3	0	25.811	2.086	0	15.368
2021-03-22	3003	Synthetic-3-3	0	0	none	3	0	26.811	2.576	0	15.868
2021-03-22	3004	Synthetic-3-4	0	0	none	3	0	27.811	2.777	0	16.368
2021-03-23	3001	Synthetic-3-1	0	0	none	3	1	24.843	1.942	0	14.89
2021-03-23	3002	Synthetic-3-2	0	0	none	3	1	25.843	2.012	0	15.39
2021-03-23	3003	Synthetic-3-3	0	0	none	3	1	26.843	2.397	0	15.89
2021-03-23	3004	Synthetic-3-4	0	0	none	3	1	27.843	2.429	0	16.39
2021-03-24	3001	Synthetic-3-1	0	0	none	3	2	24.872	2.056	0	14.91
2021-03-24	3002	Synthetic-3-2	0	0	none	3	2	25.872	2.165	0	15.41
2021-03-24	3003	Synthetic-3-3	0	0	none	3	2	26.872	2.281	0	15.91
2021-03-24	3004	Synthetic-3-4	0	0	none	3	2	27.872	2.407	0	16.41
2021-03-25	3001	Synthetic-3-1	0	0	none	3	3	24.898	1.912	0	14.929
2021-03-25	3002	Synthetic-3-2	0	0	none	3	3	25.898	2.393	0	15.429
2021-03-25	3003	Synthetic-3-3	0	0	none	3	3	26.898	2.565	0	15.929
2021-03-25	3004	Synthetic-3-4	0	0	none	3	3	27.898	2.532	0	16.429
2021-03-26	3001	Synthetic-3-1	0	0	none	3	4	24.921	1.836	0	14.945
2021-03-26	3002	Synthetic-3-2	0	0	none	3	4	25.921	2.007	0	15.445
2021-03-26	3003	Synthetic-3-3	0	0	none	3	4	26.921	2.332	0	15.945
2021-03-26	3004	Synthetic-3-4	0	0	none	3	4	27.921	2.409	0	16.445
2021-03-27	3001	Synthetic-3-1	1	0	none	3	5	24.941	1.932	0	14.959
2021-03-27	3002	Synthetic-3-2	1	0	none	3	5	25.941	2.232	0	15.459
2021-03-27	3003	Synthetic-3-3	1	0	none	3	5	26.941	2.501	0	15.959
2021-03-27	3004	Synthetic-3-4	1	0	none	3	5	27.941	2.623	0	16.459
2021-03-28	3001	Synthetic-3-1	1	0	none	3	6	24.958	1.892	0	14.971
2021-03-28	3002	Synthetic-3-2	1	0	none	3	6	25.958	2.128	0	15.471
2021-03-28	3003	Synthetic-3-3	1	0	none	3	6	26.958	2.445	0	15.971
2021-03-28	3004	Synthetic-3-4	1	0	none	3	6	27.958	2.728	0	16.471
2021-03-29	3001	Synthetic-3-1	0	0	none	3	0	24.972	1.816	0	14.981
2021-03-29	3002	Synthetic-3-2	0	0	none	3	0	25.972	2.343	0	15.481
2021-03-29	3003	Synthetic-3-3	0	0	none	3	0	26.972	2.261	0	15.981
2021-03-29	3004	Synthetic-3-4	0	0	none	3	0	27.972	2.43	0	16.481
2021-03-30	3001	Synthetic-3-1	0	0	none	3	1	24.984	2.066	0	14.989
2021-03-30	3002	Synthetic-3-2	0	0	none	3	1	25.984	2.061	0	15.489
2021-03-30	3003	Synthetic-3-3	0	0	none	3	1	26.984	2.385	0	15.989
2021-03-30	3004	Synthetic-3-4	0	0	none	3	1	27.984	2.668	0	16.489
2021-03-31	3001	Synthetic-3-1	0	0	none	3	2	24.992	1.868	0	14.994
2021-03-31	3002	Synthetic-3-2	0	0	none	3	2	25.992	2.351	0	15.494
2021-03-31	3003	Synthetic-3-3	0	0	none	3	2	26.992	2.382	0	15.994
2021-03-31	3004	Synthetic-3-4	0	0	none	3	2	27.992	2.764	0	16.494
2021-04-01	3001	Synthetic-3-1	0	0	none	4	3	24.997	1.819	0	14.998
2021-04-01	3002	Synthetic-3-2	0	0	none	4	3	25.997	2.073	0	15.498
2021-04-01	3003	Synthetic-3-3	0	0	none	4	3	26.997	2.366	0	15.998
2021-04-01	3004	Synthetic-3-4	0	0	none	4	3	27.997	2.531	0	16.498
2021-04-02	3001	Synthetic-3-1	0	0	none	4	4	25.0	1.921	0	15.0
2021-04-02	3002	Synthetic-3-2	0	0	none	4	4	26.0	2.201	0	15.5
2021-04-02	3003	Synthetic-3-3	0	0	none	4	4	27.0	2.206	0	16.0
2021-04-02	3004	Synthetic-3-4	0	0	none	4	4	28.0	2.679	0	16.5
2021-04-03	3001	Synthetic-3-1	1	0	none	4	5	24.999	2.157	0	15.0
2021-04-03	3002	Synthetic-3-2	1	0	none	4	5	25.999	2.037	0	15.5
2021-04-03	3003	Synthetic-3-3	1	0	none	4	5	26.999	2.396	0	16.0
2021-04-03	3004	Synthetic-3-4	1	0	none	4	5	27.999	2.759	0	16.5
2021-04-04	3001	Synthetic-3-1	1	0	none	4	6	24.996	1.842	0	14.997
2021-04-04	3002	Synthetic-3-2	1	0	none	4	6	25.996	2.022	0	15.497
2021-04-04	3003	Synthetic-3-3	1	0	none	4	6	26.996	2.216	0	15.997
2021-04-04	3004	Synthetic-3-4	1	0	none	4	6	27.996	2.717	0	16.497
2021-04-05	3001	Synthetic-3-1	0	0	none	4	0	24.989	1.945	0	14.993
2021-04-05	3002	Synthetic-3-2	0	0	none	4	0	25.989	2.178	0	15.493
2021-04-05	3003	Synthetic-3-3	0	0	none	4	0	26.989	2.265	0	15.993
2021-04-05	3004	Synthetic-3-4	0	0	none	4	0	27.989	2.629	0	16.493
2021-04-06	3001	Synthetic-3-1	0	0	none	4	1	24.98	2.081	0	14.986
2021-04-06	3002	Synthetic-3-2	0	0	none	4	1	25.98	2.318	0	15.486
2021-04-06	3003	Synthetic-3-3	0	0	none	4	1	26.98	2.538	0	15.986
2021-04-06	3004	Synthetic-3-4	0	0	none	4	1	27.98	2.73	0	16.486
2021-04-07	3001	Synthetic-3-1	0	0	none	4	2	24.968	2.064	0	14.977
2021-04-07	3002	Synthetic-3-2	0	0	none	4	2	25.968	2.087	0	15.477
2021-04-07	3003	Synthetic-3-3	0	0	none	4	2	26.968	2.557	0	15.977
2021-04-07	3004	Synthetic-3-4	0	0	none	4	2	27.968	2.495	0	16.477
2021-04-08	3001	Synthetic-3-1	0	0	none	4	3	24.952	1.924	0	14.967
2021-04-08	3002	Synthetic-3-2	0	0	none	4	3	25.952	2.385	0	15.467
2021-04-08	3003	Synthetic-3-3	0	0	none	4	3	26.952	2.407	0	15.967
2021-04-08	3004	Synthetic-3-4	0	0	none	4	3	27.952	2.467	0	16.467
2021-04-09	3001	Synthetic-3-1	0	0	none	4	4	24.934	1.971	0	14.954
2021-04-09	3002	Synthetic-3-2	0	0	none	4	4	25.934	2.021	0	15.454
2021-04-09	3003	Synthetic-3-3	0	0	none	4	4	26.934	2.478	0	15.954
2021-04-09	3004	Synthetic-3-4	0	0	none	4	4	27.934	2.429	0	16.454
2021-04-10	3001	Synthetic-3-1	1	0	none	4	5	24.913	2.092	0	14.939
2021-04-10	3002	Synthetic-3-2	1	0	none	4	5	25.913	2.178	0	15.439
2021-04-10	3003	Synthetic-3-3	1	0	none	4	5	26.913	2.516	0	15.939
2021-04-10	3004	Synthetic-3-4	1	0	none	4	5	27.913	2.78	0	16.439
2021-04-11	3001	Synthetic-3-1	1	0	none	4	6	24.889	1.895	0	14.922
2021-04-11	3002	Synthetic-3-2	1	0	none	4	6	25.889	2.161	0	15.422
2021-04-11	3003	Synthetic-3-3	1	0	none	4	6	26.889	2.271	0	15.922
2021-04-11	3004	Synthetic-3-4	1	0	none	4	6	27.889	2.44	0	16.422
2021-04-12	3001	Synthetic-3-1	0	0	none	4	0	24.861	1.811	0	14.903
2021-04-12	3002	Synthetic-3-2	0	0	none	4	0	25.861	2.212	0	15.403
2021-04-12	3003	Synthetic-3-3	0	0	none	4	0	26.861	2.226	0	15.903
2021-04-12	3004	Synthetic-3-4	0	0	none	4	0	27.861	2.596	0	16.403
2021-04-13	3001	Synthetic-3-1	0	0	none	4	1	24.831	1.878	0	14.882
2021-04-13	3002	Synthetic-3-2	0	0	none	4	1	25.831	2.083	0	15.382
2021-04-13	3003	Synthetic-3-3	0	0	none	4	1	26.831	2.465	0	15.882
2021-04-13	3004	Synthetic-3-4	0	0	none	4	1	27.831	2.698	0	16.382
2021-04-14	3001	Synthetic-3-1	0	0	none	4	2	24.799	1.858	0	14.859
2021-04-14	3002	Synthetic-3-2	0	0	none	4	2	25.799	2.268	0	15.359
2021-04-14	3003	Synthetic-3-3	0	0	none	4	2	26.799	2.585	0	15.859
2021-04-14	3004	Synthetic-3-4	0	0	none	4	2	27.799	2.603	0	16.359
2021-04-15	3001	Synthetic-3-1	0	0	none	4	3	24.763	2.133	0	14.834
2021-04-15	3002	Synthetic-3-2	0	0	none	4	3	25.763	2.212	0	15.334
2021-04-15	3003	Synthetic-3-3	0	0	none	4	3	26.763	2.561	0	15.834
2021-04-15	3004	Synthetic-3-4	0	0	none	4	3	27.763	2.709	0	16.334
2021-04-16	3001	Synthetic-3-1	0	0	none	4	4	24.724	1.825	0	14.807
2021-04-16	3002	Synthetic-3-2	0	0	none	4	4	25.724	2.195	0	15.307
2021-04-16	3003	Synthetic-3-3	0	0	none	4	4	26.724	2.265	0	15.807
2021-04-16	3004	Synthetic-3-4	0	0	none	4	4	27.724	2.43	0	16.307
2021-04-17	3001	Synthetic-3-1	1	0	none	4	5	24.683	2.081	0	14.778
2021-04-17	3002	Synthetic-3-2	1	0	none	4	5	25.683	2.364	0	15.278
2021-04-17	3003	Synthetic-3-3	1	0	none	4	5	26.683	2.496	0	15.778
2021-04-17	3004	Synthetic-3-4	1	0	none	4	5	27.683	2.74	0	16.278
2021-04-18	3001	Synthetic-3-1	1	0	none	4	6	24.638	2.118	0	14.747
2021-04-18	3002	Synthetic-3-2	1	0	none	4	6	25.638	2.365	0	15.247
2021-04-18	3003	Synthetic-3-3	1	0	none	4	6	26.638	2.21	0	15.747
2021-04-18	3004	Synthetic-3-4	1	0	none	4	6	27.638	2.543	0	16.247
2021-04-19	3001	Synthetic-3-1	0	0	none	4	0	24.591	2.128	0	14.714
2021-04-19	3002	Synthetic-3-2	0	0	none	4	0	25.591	2.266	0	15.214
2021-04-19	3003	Synthetic-3-3	0	0	none	4	0	26.591	2.344	0	15.714
2021-04-19	3004	Synthetic-3-4	0	0	none	4	0	27.591	2.451	0	16.214
2021-04-20	3001	Synthetic-3-1	0	0	none	4	1	24.541	2.15	0	14.678
2021-04-20	3002	Synthetic-3-2	0	0	none	4	1	25.541	2.111	0	15.178
2021-04-20	3003	Synthetic-3-3	0	0	none	4	1	26.541	2.409	0	15.678
2021-04-20	3004	Synthetic-3-4	0	0	none	4	1	27.541	2.573	0	16.178
2021-04-21	3001	Synthetic-3-1	0	0	none	4	2	24.488	2.118	0	14.641
2021-04-21	3002	Synthetic-3-2	0	0	none	4	2	25.488	2.033	0	15.141
2021-04-21	3003	Synthetic-3-3	0	0	none	4	2	26.488	2.276	0	15.641
2021-04-21	3004	Synthetic-3-4	0	0	none	4	2	27.488	2.623	0	16.141
2021-04-22	3001	Synthetic-3-1	0	0	none	4	3	24.432	1.837	0	14.602
2021-04-22	3002	Synthetic-3-2	0	0	none	4	3	25.432	2.199	0	15.102
2021-04-22	3003	Synthetic-3-3	0	0	none	4	3	26.432	2.582	0	15.602
2021-04-22	3004	Synthetic-3-4	0	0	none	4	3	27.432	2.54	0	16.102
2021-04-23	3001	Synthetic-3-1	0	0	none	4	4	24.373	1.961	0	14.561
2021-04-23	3002	Synthetic-3-2	0	0	none	4	4	25.373	2.154	0	15.061
2021-04-23	3003	Synthetic-3-3	0	0	none	4	4	26.373	2.456	0	15.561
2021-04-23	3004	Synthetic-3-4	0	0	none	4	4	27.373	2.518	0	16.061
2021-04-24	3001	Synthetic-3-1	1	0	none	4	5	24.312	1.885	0	14.518
2021-04-24	3002	Synthetic-3-2	1	0	none	4	5	25.312	2.046	0	15.018
2021-04-24	3003	Synthetic-3-3	1	0	none	4	5	26.312	2.378	0	15.518
2021-04-24	3004	Synthetic-3-4	1	0	none	4	5	27.312	2.758	0	16.018
2021-04-25	3001	Synthetic-3-1	1	0	none	4	6	24.248	2.178	0	14.474
2021-04-25	3002	Synthetic-3-2	1	0	none	4	6	25.248	2.264	0	14.974
2021-04-25	3003	Synthetic-3-3	1	0	none	4	6	26.248	2.293	0	15.474
2021-04-25	3004	Synthetic-3-4	1	0	none	4	6	27.248	2.765	0	15.974
2021-04-26	3001	Synthetic-3-1	0	0	none	4	0	24.181	1.805	0	14.427
2021-04-26	3002	Synthetic-3-2	0	0	none	4	0	25.181	2.28	0	14.927
2021-04-26	3003	Synthetic-3-3	0	0	none	4	0	26.181	2.389	0	15.427
2021-04-26	3004	Synthetic-3-4	0	0	none	4	0	27.181	2.669	0	15.927
2021-04-27	3001	Synthetic-3-1	0	0	none	4	1	24.112	1.897	0	14.378
2021-04-27	3002	Synthetic-3-2	0	0	none	4	1	25.112	2.213	0	14.878
2021-04-27	3003	Synthetic-3-3	0	0	none	4	1	26.112	2.594	0	15.378
2021-04-27	3004	Synthetic-3-4	0	0	none	4	1	27.112	2.643	0	15.878
2021-04-28	3001	Synthetic-3-1	0	0	none	4	2	24.039	1.861	0	14.328
2021-04-28	3002	Synthetic-3-2	0	0	none	4	2	25.039	2.197	0	14.828
2021-04-28	3003	Synthetic-3-3	0	0	none	4	2	26.039	2.259	0	15.328
2021-04-28	3004	Synthetic-3-4	0	0	none	4	2	27.039	2.6	0	15.828
2021-04-29	3001	Synthetic-3-1	0	0	none	4	3	23.965	1.819	0	14.275
2021-04-29	3002	Synthetic-3-2	0	0	none	4	3	24.965	2.367	0	14.775
2021-04-29	3003	Synthetic-3-3	0	0	none	4	3	25.965	2.239	0	15.275
2021-04-29	3004	Synthetic-3-4	0	0	none	4	3	26.965	2.514	0	15.775
2021-04-30	3001	Synthetic-3-1	0	0	none	4	4	23.887	2.002	0	14.221
2021-04-30	3002	Synthetic-3-2	0	0	none	4	4	24.887	2.012	0	14.721
2021-04-30	3003	Synthetic-3-3	0	0	none	4	4	25.887	2.204	0	15.221
2021-04-30	3004	Synthetic-3-4	0	0	none	4	4	26.887	2.527	0	15.721
2021-05-01	3001	Synthetic-3-1	1	0	none	5	5	23.807	1.807	0	14.165
2021-05-01	3002	Synthetic-3-2	1	0	none	5	5	24.807	2.362	0	14.665
2021-05-01	3003	Synthetic-3-3	1	0	none	5	5	25.807	2.493	0	15.165
2021-05-01	3004	Synthetic-3-4	1	0	none	5	5	26.807	2.471	0	15.665
2021-05-02	3001	Synthetic-3-1	1	0	none	5	6	23.724	1.998	0	14.107
2021-05-02	3002	Synthetic-3-2	1	0	none	5	6	24.724	2.167	0	14.607
2021-05-02	3003	Synthetic-3-3	1	0	none	5	6	25.724	2.281	0	15.107
2021-05-02	3004	Synthetic-3-4	1	0	none	5	6	26.724	2.786	0	15.607
2021-05-03	3001	Synthetic-3-1	0	0	none	5	0	23.639	2.108	0	14.047
2021-05-03	3002	Synthetic-3-2	0	0	none	5	0	24.639	2.096	0	14.547
2021-05-03	3003	Synthetic-3-3	0	0	none	5	0	25.639	2.229	0	15.047
2021-05-03	3004	Synthetic-3-4	0	0	none	5	0	26.639	2.451	0	15.547
2021-05-04	3001	Synthetic-3-1	0	0	none	5	1	23.551	1.801	0	13.986
2021-05-04	3002	Synthetic-3-2	0	0	none	5	1	24.551	2.131	0	14.486
2021-05-04	3003	Synthetic-3-3	0	0	none	5	1	25.551	2.386	0	14.986
2021-05-04	3004	Synthetic-3-4	0	0	none	5	1	26.551	2.6	0	15.486
2021-05-05	3001	Synthetic-3-1	0	0	none	5	2	23.46	1.816	0	13.922
2021-05-05	3002	Synthetic-3-2	0	0	none	5	2	24.46	2.056	0	14.422
2021-05-05	3003	Synthetic-3-3	0	0	none	5	2	25.46	2.554	0	14.922
2021-05-05	3004	Synthetic-3-4	0	0	none	5	2	26.46	2.672	0	15.422
2021-05-06	3001	Synthetic-3-1	0	0	none	5	3	23.367	2.128	0	13.857
2021-05-06	3002	Synthetic-3-2	0	0	none	5	3	24.367	2.094	0	14.357
2021-05-06	3003	Synthetic-3-3	0	0	none	5	3	25.367	2.228	0	14.857
2021-05-06	3004	Synthetic-3-4	0	0	none	5	3	26.367	2.588	0	15.357
2021-05-07	3001	Synthetic-3-1	0	0	none	5	4	23.272	1.85	0	13.79
2021-05-07	3002	Synthetic-3-2	0	0	none	5	4	24.272	2.224	0	14.29
2021-05-07	3003	Synthetic-3-3	0	0	none	5	4	25.272	2.494	0	14.79
2021-05-07	3004	Synthetic-3-4	0	0	none	5	4	26.272	2.553	0	15.29
2021-05-08	3001	Synthetic-3-1	1	0	none	5	5	23.174	2.125	0	13.722
2021-05-08	3002	Synthetic-3-2	1	0	none	5	5	24.174	2.231	0	14.222
2021-05-08	3003	Synthetic-3-3	1	0	none	5	5	25.174	2.514	0	14.722
2021-05-08	3004	Synthetic-3-4	1	0	none	5	5	26.174	2.483	0	15.222
2021-05-09	3001	Synthetic-3-1	1	0	none	5	6	23.074	1.897	0	13.652
2021-05-09	3002	Synthetic-3-2	1	0	none	5	6	24.074	2.166	0	14.152
2021-05-09	3003	Synthetic-3-3	1	0	none	5	6	25.074	2.472	0	14.652
2021-05-09	3004	Synthetic-3-4	1	0	none	5	6	26.074	2.436	0	15.152
2021-05-10	3001	Synthetic-3-1	0	0	none	5	0	22.971	1.913	0	13.58
2021-05-10	3002	Synthetic-3-2	0	0	none	5	0	23.971	2.207	0	14.08
2021-05-10	3003	Synthetic-3-3	0	0	none	5	0	24.971	2.4	0	14.58
2021-05-10	3004	Synthetic-3-4	0	0	none	5	0	25.971	2.497	0	15.08
2021-05-11	3001	Synthetic-3-1	0	0	none	5	1	22.866	1.841	0	13.506
2021-05-11	3002	Synthetic-3-2	0	0	none	5	1	23.866	2.175	0	14.006
2021-05-11	3003	Synthetic-3-3	0	0	none	5	1	24.866	2.216	0	14.506
2021-05-11	3004	Synthetic-3-4	0	0	none	5	1	25.866	2.789	0	15.006
2021-05-12	3001	Synthetic-3-1	0	0	none	5	2	22.759	2.045	0	13.431
2021-05-12	3002	Synthetic-3-2	0	0	none	5	2	23.759	2.171	0	13.931
2021-05-12	3003	Synthetic-3-3	0	0	none	5	2	24.759	2.237	0	14.431
2021-05-12	3004	Synthetic-3-4	0	0	none	5	2	25.759	2.498	0	14.931
2021-05-13	3001	Synthetic-3-1	0	0	none	5	3	22.649	1.98	0	13.354
2021-05-13	3002	Synthetic-3-2	0	0	none	5	3	23.649	2.325	0	13.854
2021-05-13	3003	Synthetic-3-3	0	0	none	5	3	24.649	2.534	0	14.354
2021-05-13	3004	Synthetic-3-4	0	0	none	5	3	25.649	2.541	0	14.854
2021-05-14	3001	Synthetic-3-1	0	0	none	5	4	22.537	2.142	0	13.276
2021-05-14	3002	Synthetic-3-2	0	0	none	5	4	23.537	2.148	0	13.776
2021-05-14	3003	Synthetic-3-3	0	0	none	5	4	24.537	2.513	0	14.276
2021-05-14	3004	Synthetic-3-4	0	0	none	5	4	25.537	2.678	0	14.776
2021-05-15	3001	Synthetic-3-1	1	0	none	5	5	22.423	2.032	0	13.196
2021-05-15	3002	Synthetic-3-2	1	0	none	5	5	23.423	2.265	0	13.696
2021-05-15	3003	Synthetic-3-3	1	0	none	5	5	24.423	2.24	0	14.196
2021-05-15	3004	Synthetic-3-4	1	0	none	5	5	25.423	2.418	0	14.696
2021-05-16	3001	Synthetic-3-1	1	0	none	5	6	22.306	1.93	0	13.115
2021-05-16	3002	Synthetic-3-2	1	0	none	5	6	23.306	2.102	0	13.615
2021-05-16	3003	Synthetic-3-3	1	0	none	5	6	24.306	2.497	0	14.115
2021-05-16	3004	Synthetic-3-4	1	0	none	5	6	25.306	2.542	0	14.615
2021-05-17	3001	Synthetic-3-1	0	0	none	5	0	22.188	2.061	0	13.032
2021-05-17	3002	Synthetic-3-2	0	0	none	5	0	23.188	2.352	0	13.532
2021-05-17	3003	Synthetic-3-3	0	0	none	5	0	24.188	2.296	0	14.032
2021-05-17	3004	Synthetic-3-4	0	0	none	5	0	25.188	2.697	0	14.532
2021-05-18	3001	Synthetic-3-1	0	0	none	5	1	22.067	1.834	0	12.947
2021-05-18	3002	Synthetic-3-2	0	0	none	5	1	23.067	2.045	0	13.447
2021-05-18	3003	Synthetic-3-3	0	0	none	5	1	24.067	2.226	0	13.947
2021-05-18	3004	Synthetic-3-4	0	0	none	5	1	25.067	2.555	0	14.447
2021-05-19	3001	Synthetic-3-1	0	0	none	5	2	21.945	1.93	0	12.861
2021-05-19	3002	Synthetic-3-2	0	0	none	5	2	22.945	2.341	0	13.361
2021-05-19	3003	Synthetic-3-3	0	0	none	5	2	23.945	2.46	0	13.861
2021-05-19	3004	Synthetic-3-4	0	0	none	5	2	24.945	2.691	0	14.361
2021-05-20	3001	Synthetic-3-1	0	0	none	5	3	21.82	2.047	0	12.774
2021-05-20	3002	Synthetic-3-2	0	0	none	5	3	22.82	2.23	0	13.274
2021-05-20	3003	Synthetic-3-3	0	0	none	5	3	23.82	2.443	0	13.774
2021-05-20	3004	Synthetic-3-4	0	0	none	5	3	24.82	2.547	0	14.274
2021-05-21	3001	Synthetic-3-1	0	0	none	5	4	21.693	2.013	0	12.685
2021-05-21	3002	Synthetic-3-2	0	0	none	5	4	22.693	2.195	0	13.185
2021-05-21	3003	Synthetic-3-3	0	0	none	5	4	23.693	2.362	0	13.685
2021-05-21	3004	Synthetic-3-4	0	0	none	5	4	24.693	2.706	0	14.185
2021-05-22	3001	Synthetic-3-1	1	0	none	5	5	21.564	1.889	0	12.595
2021-05-22	3002	Synthetic-3-2	1	0	none	5	5	22.564	2.239	0	13.095
2021-05-22	3003	Synthetic-3-3	1	0	none	5	5	23.564	2.488	0	13.595
2021-05-22	3004	Synthetic-3-4	1	0	none	5	5	24.564	2.698	0	14.095
2021-05-23	3001	Synthetic-3-1	1	0	none	5	6	21.433	2.051	0	12.503
2021-05-23	3002	Synthetic-3-2	1	0	none	5	6	22.433	2.114	0	13.003
2021-05-23	3003	Synthetic-3-3	1	0	none	5	6	23.433	2.343	0	13.503
2021-05-23	3004	Synthetic-3-4	1	0	none	5	6	24.433	2.673	0	14.003
2021-05-24	3001	Synthetic-3-1	0	0	none	5	0	21.301	1.931	0	12.411
2021-05-24	3002	Synthetic-3-2	0	0	none	5	0	22.301	2.004	0	12.911
2021-05-24	3003	Synthetic-3-3	0	0	none	5	0	23.301	2.408	0	13.411
2021-05-24	3004	Synthetic-3-4	0	0	none	5	0	24.301	2.548	0	13.911
2021-05-25	3001	Synthetic-3-1	0	0	none	5	1	21.166	2.008	0	12.316
2021-05-25	3002	Synthetic-3-2	0	0	none	5	1	22.166	2.252	0	12.816
2021-05-25	3003	Synthetic-3-3	0	0	none	5	1	23.166	2.587	0	13.316
2021-05-25	3004	Synthetic-3-4	0	0	none	5	1	24.166	2.78	0	13.816
2021-05-26	3001	Synthetic-3-1	0	0	none	5	2	21.03	2.1	0	12.221
2021-05-26	3002	Synthetic-3-2	0	0	none	5	2	22.03	2.339	0	12.721
2021-05-26	3003	Synthetic-3-3	0	0	none	5	2	23.03	2.344	0	13.221
2021-05-26	3004	Synthetic-3-4	0	0	none	5	2	24.03	2.515	0	13.721
2021-05-27	3001	Synthetic-3-1	0	0	none	5	3	20.892	2.112	0	12.124
2021-05-27	3002	Synthetic-3-2	0	0	none	5	3	21.892	2.313	0	12.624
2021-05-27	3003	Synthetic-3-3	0	0	none	5	3	22.892	2.389	0	13.124
2021-05-27	3004	Synthetic-3-4	0	0	none	5	3	23.892	2.771	0	13.624
2021-05-28	3001	Synthetic-3-1	0	0	none	5	4	20.752	1.926	0	12.026
2021-05-28	3002	Synthetic-3-2	0	0	none	5	4	21.752	2.356	0	12.526
2021-05-28	3003	Synthetic-3-3	0	0	none	5	4	22.752	2.224	0	13.026
2021-05-28	3004	Synthetic-3-4	0	0	none	5	4	23.752	2.607	0	13.526
2021-05-29	3001	Synthetic-3-1	1	0	none	5	5	20.61	1.942	0	11.927
2021-05-29	3002	Synthetic-3-2	1	0	none	5	5	21.61	2.378	0	12.427
2021-05-29	3003	Synthetic-3-3	1	0	none	5	5	22.61	2.36	0	12.927
2021-05-29	3004	Synthetic-3-4	1	0	none	5	5	23.61	2.664	0	13.427
2021-05-30	3001	Synthetic-3-1	1	0	none	5	6	20.467	1.956	0	11.827
2021-05-30	3002	Synthetic-3-2	1	0	none	5	6	21.467	2.119	0	12.327
2021-05-30	3003	Synthetic-3-3	1	0	none	5	6	22.467	2.375	0	12.827
2021-05-30	3004	Synthetic-3-4	1	0	none	5	6	23.467	2.657	0	13.327
2021-05-31	3001	Synthetic-3-1	0	0	none	5	0	20.322	1.882	0	11.726
2021-05-31	3002	Synthetic-3-2	0	0	none	5	0	21.322	2.115	0	12.226
2021-05-31	3003	Synthetic-3-3	0	0	none	5	0	22.322	2.558	0	12.726
2021-05-31	3004	Synthetic-3-4	0	0	none	5	0	23.322	2.491	0	13.226
2021-06-01	3001	Synthetic-3-1	0	0	none	6	1	20.176	1.967	0	11.623
2021-06-01	3002	Synthetic-3-2	0	0	none	6	1	21.176	2.205	0	12.123
2021-06-01	3003	Synthetic-3-3	0	0	none	6	1	22.176	2.227	0	12.623
2021-06-01	3004	Synthetic-3-4	0	0	none	6	1	23.176	2.423	0	13.123
2021-06-02	3001	Synthetic-3-1	0	0	none	6	2	20.028	2.027	0	11.52
2021-06-02	3002	Synthetic-3-2	0	0	none	6	2	21.028	2.134	0	12.02
2021-06-02	3003	Synthetic-3-3	0	0	none	6	2	22.028	2.418	0	12.52
2021-06-02	3004	Synthetic-3-4	0	0	none	6	2	23.028	2.686	0	13.02
2021-06-03	3001	Synthetic-3-1	0	0	none	6	3	19.878	2.194	0	11.415
2021-06-03	3002	Synthetic-3-2	0	0	none	6	3	20.878	2.27	0	11.915
2021-06-03	3003	Synthetic-3-3	0	0	none	6	3	21.878	2.294	0	12.415
2021-06-03	3004	Synthetic-3-4	0	0	none	6	3	22.878	2.47	0	12.915
2021-06-04	3001	Synthetic-3-1	0	0	none	6	4	19.728	1.932	0	11.309
2021-06-04	3002	Synthetic-3-2	0	0	none	6	4	20.728	2.396	0	11.809
2021-06-04	3003	Synthetic-3-3	0	0	none	6	4	21.728	2.475	0	12.309
2021-06-04	3004	Synthetic-3-4	0	0	none	6	4	22.728	2.596	0	12.809
2021-06-05	3001	Synthetic-3-1	1	0	none	6	5	19.575	1.976	0	11.203
2021-06-05	3002	Synthetic-3-2	1	0	none	6	5	20.575	2.064	0	11.703
2021-06-05	3003	Synthetic-3-3	1	0	none	6	5	21.575	2.421	0	12.203
2021-06-05	3004	Synthetic-3-4	1	0	none	6	5	22.575	2.689	0	12.703
2021-06-06	3001	Synthetic-3-1	1	0	none	6	6	19.422	1.879	0	11.095
2021-06-06	3002	Synthetic-3-2	1	0	none	6	6	20.422	2.094	0	11.595
2021-06-06	3003	Synthetic-3-3	1	0	none	6	6	21.422	2.513	0	12.095
2021-06-06	3004	Synthetic-3-4	1	0	none	6	6	22.422	2.626	0	12.595
2021-06-07	3001	Synthetic-3-1	0	0	none	6	0	19.267	1.835	0	10.987
2021-06-07	3002	Synthetic-3-2	0	0	none	6	0	20.267	2.213	0	11.487
2021-06-07	3003	Synthetic-3-3	0	0	none	6	0	21.267	2.227	0	11.987
2021-06-07	3004	Synthetic-3-4	0	0	none	6	0	22.267	2.785	0	12.487
2021-06-08	3001	Synthetic-3-1	0	0	none	6	1	19.111	1.802	0	10.877
2021-06-08	3002	Synthetic-3-2	0	0	none	6	1	20.111	2.278	0	11.377
2021-06-08	3003	Synthetic-3-3	0	0	none	6	1	21.111	2.502	0	11.877
2021-06-08	3004	Synthetic-3-4	0	0	none	6	1	22.111	2.774	0	12.377
2021-06-09	3001	Synthetic-3-1	0	0	none	6	2	18.953	1.839	0	10.767
2021-06-09	3002	Synthetic-3-2	0	0	none	6	2	19.953	2.296	0	11.267
2021-06-09	3003	Synthetic-3-3	0	0	none	6	2	20.953	2.289	0	11.767
2021-06-09	3004	Synthetic-3-4	0	0	none	6	2	21.953	2.618	0	12.267
2021-06-10	3001	Synthetic-3-1	0	0	none	6	3	18.795	2.005	0	10.656
2021-06-10	3002	Synthetic-3-2	0	0	none	6	3	19.795	2.286	0	11.156
2021-06-10	3003	Synthetic-3-3	0	0	none	6	3	20.795	2.47	0	11.656
2021-06-10	3004	Synthetic-3-4	0	0	none	6	3	21.795	2.547	0	12.156
2021-06-11	3001	Synthetic-3-1	0	0	none	6	4	18.635	2.121	0	10.544
2021-06-11	3002	Synthetic-3-2	0	0	none	6	4	19.635	2.382	0	11.044
2021-06-11	3003	Synthetic-3-3	0	0	none	6	4	20.635	2.53	0	11.544
2021-06-11	3004	Synthetic-3-4	0	0	none	6	4	21.635	2.759	0	12.044
2021-06-12	3001	Synthetic-3-1	1	0	none	6	5	18.474	2.073	0	10.432
2021-06-12	3002	Synthetic-3-2	1	0	none	6	5	19.474	2.029	0	10.932
2021-06-12	3003	Synthetic-3-3	1	0	none	6	5	20.474	2.588	0	11.432
2021-06-12	3004	Synthetic-3-4	1	0	none	6	5	21.474	2.53	0	11.932
2021-06-13	3001	Synthetic-3-1	1	0	none	6	6	18.312	2.026	0	10.319
2021-06-13	3002	Synthetic-3-2	1	0	none	6	6	19.312	2.041	0	10.819
2021-06-13	3003	Synthetic-3-3	1	0	none	6	6	20.312	2.589	0	11.319
2021-06-13	3004	Synthetic-3-4	1	0	none	6	6	21.312	2.773	0	11.819
2021-06-14	3001	Synthetic-3-1	0	0	none	6	0	18.149	2.124	0	10.205
2021-06-14	3002	Synthetic-3-2	0	0	none	6	0	19.149	2.346	0	10.705
2021-06-14	3003	Synthetic-3-3	0	0	none	6	0	20.149	2.291	0	11.205
2021-06-14	3004	Synthetic-3-4	0	0	none	6	0	21.149	2.554	0	11.705
2021-06-15	3001	Synthetic-3-1	0	0	none	6	1	17.986	1.88	0	10.09
2021-06-15	3002	Synthetic-3-2	0	0	none	6	1	18.986	2.306	0	10.59
2021-06-15	3003	Synthetic-3-3	0	0	none	6	1	19.986	2.532	0	11.09
2021-06-15	3004	Synthetic-3-4	0	0	none	6	1	20.986	2.65	0	11.59
2021-06-16	3001	Synthetic-3-1	0	0	none	6	2	17.821	2.137	0	9.975
2021-06-16	3002	Synthetic-3-2	0	0	none	6	2	18.821	2.367	0	10.475
2021-06-16	3003	Synthetic-3-3	0	0	none	6	2	19.821	2.512	0	10.975
2021-06-16	3004	Synthetic-3-4	0	0	none	6	2	20.821	2.786	0	11.475
2021-06-17	3001	Synthetic-3-1	0	0	none	6	3	17.656	1.848	0	9.859
2021-06-17	3002	Synthetic-3-2	0	0	none	6	3	18.656	2.282	0	10.359
2021-06-17	3003	Synthetic-3-3	0	0	none	6	3	19.656	2.39	0	10.859
2021-06-17	3004	Synthetic-3-4	0	0	none	6	3	20.656	2.49	0	11.359
2021-06-18	3001	Synthetic-3-1	0	0	none	6	4	17.489	1.911	0	9.743
2021-06-18	3002	Synthetic-3-2	0	0	none	6	4	18.489	2.2	0	10.243
2021-06-18	3003	Synthetic-3-3	0	0	none	6	4	19.489	2.553	0	10.743
2021-06-18	3004	Synthetic-3-4	0	0	none	6	4	20.489	2.653	0	11.243
2021-06-19	3001	Synthetic-3-1	1	0	none	6	5	17.322	2.156	0	9.626
2021-06-19	3002	Synthetic-3-2	1	0	none	6	5	18.322	2.231	0	10.126
2021-06-19	3003	Synthetic-3-3	1	0	none	6	5	19.322	2.576	0	10.626
2021-06-19	3004	Synthetic-3-4	1	0	none	6	5	20.322	2.456	0	11.126
2021-06-20	3001	Synthetic-3-1	1	0	none	6	6	17.155	1.875	0	9.508
2021-06-20	3002	Synthetic-3-2	1	0	none	6	6	18.155	2.299	0	10.008
2021-06-20	3003	Synthetic-3-3	1	0	none	6	6	19.155	2.454	0	10.508
2021-06-20	3004	Synthetic-3-4	1	0	none	6	6	20.155	2.581	0	11.008
2021-06-21	3001	Synthetic-3-1	0	0	none	6	0	16.986	1.842	0	9.391
2021-06-21	3002	Synthetic-3-2	0	0	none	6	0	17.986	2.313	0	9.891
2021-06-21	3003	Synthetic-3-3	0	0	none	6	0	18.986	2.581	0	10.391
2021-06-21	3004	Synthetic-3-4	0	0	none	6	0	19.986	2.6	0	10.891
2021-06-22	3001	Synthetic-3-1	0	0	none	6	1	16.818	2.199	0	9.272
2021-06-22	3002	Synthetic-3-2	0	0	none	6	1	17.818	2.145	0	9.772
2021-06-22	3003	Synthetic-3-3	0	0	none	6	1	18.818	2.287	0	10.272
2021-06-22	3004	Synthetic-3-4	0	0	none	6	1	19.818	2.653	0	10.772
2021-06-23	3001	Synthetic-3-1	0	0	none	6	2	16.648	2.015	0	9.154
2021-06-23	3002	Synthetic-3-2	0	0	none	6	2	17.648	2.033	0	9.654
2021-06-23	3003	Synthetic-3-3	0	0	none	6	2	18.648	2.541	0	10.154
2021-06-23	3004	Synthetic-3-4	0	0	none	6	2	19.648	2.8	0	10.654
2021-06-24	3001	Synthetic-3-1	0	0	none	6	3	16.478	1.983	0	9.035
2021-06-24	3002	Synthetic-3-2	0	0	none	6	3	17.478	2.178	0	9.535
2021-06-24	3003	Synthetic-3-3	0	0	none	6	3	18.478	2.373	0	10.035
2021-06-24	3004	Synthetic-3-4	0	0	none	6	3	19.478	2.55	0	10.535
2021-06-25	3001	Synthetic-3-1	0	0	none	6	4	16.308	1.985	0	8.916
2021-06-25	3002	Synthetic-3-2	0	0	none	6	4	17.308	2.114	0	9.416
2021-06-25	3003	Synthetic-3-3	0	0	none	6	4	18.308	2.21	0	9.916
2021-06-25	3004	Synthetic-3-4	0	0	none	6	4	19.308	2.485	0	10.416
2021-06-26	3001	Synthetic-3-1	1	0	none	6	5	16.137	1.97	0	8.796
2021-06-26	3002	Synthetic-3-2	1	0	none	6	5	17.137	2.255	0	9.296
2021-06-26	3003	Synthetic-3-3	1	0	none	6	5	18.137	2.553	0	9.796
2021-06-26	3004	Synthetic-3-4	1	0	none	6	5	19.137	2.498	0	10.296
2021-06-27	3001	Synthetic-3-1	1	0	none	6	6	15.966	2.174	0	8.676
2021-06-27	3002	Synthetic-3-2	1	0	none	6	6	16.966	2.107	0	9.176
2021-06-27	3003	Synthetic-3-3	1	0	none	6	6	17.966	2.575	0	9.676
2021-06-27	3004	Synthetic-3-4	1	0	none	6	6	18.966	2.531	0	10.176
2021-06-28	3001	Synthetic-3-1	0	0	none	6	0	15.795	2.173	0	8.556
2021-06-28	3002	Synthetic-3-2	0	0	none	6	0	16.795	2.138	0	9.056
2021-06-28	3003	Synthetic-3-3	0	0	none	6	0	17.795	2.365	0	9.556
2021-06-28	3004	Synthetic-3-4	0	0	none	6	0	18.795	2.401	0	10.056
2021-06-29	3001	Synthetic-3-1	0	0	none	6	1	15.623	1.893	0	8.436
2021-06-29	3002	Synthetic-3-2	0	0	none	6	1	16.623	2.076	0	8.936
2021-06-29	3003	Synthetic-3-3	0	0	none	6	1	17.623	2.462	0	9.436
2021-06-29	3004	Synthetic-3-4	0	0	none	6	1	18.623	2.654	0	9.936
